3
34
59
70
133
155
4
35
60
71
134
156
5
36
61
72
135
157
6
37
62
73
136
158
7
38
63
74
137
159
8
39
64
75
138
160
9
40
65
76
139
161
10
41
66
77
140
162
11
42
45
78
141
163
12
43
46
79
142
164
13
44
47
80
143
165
14
23
48
81
144
166
15
24
49
82
145
167
16
25
50
83
146
168
17
26
51
84
147
169
18
27
52
85
148
170
19
28
53
86
149
171
20
29
54
87
150
172
21
30
55
88
151
173
22
31
56
67
152
174
1
32
57
68
153
175
2
33
58
69
154
176
18
88
108
112
155
177
19
67
109
113
156
178
20
68
110
114
157
179
21
69
89
115
158
180
22
70
90
116
159
181
1
71
91
117
160
182
2
72
92
118
161
183
3
73
93
119
162
184
4
74
94
120
163
185
5
75
95
121
164
186
6
76
96
122
165
187
7
77
97
123
166
188
8
78
98
124
167
189
9
79
99
125
168
190
10
80
100
126
169
191
11
81
101
127
170
192
12
82
102
128
171
193
13
83
103
129
172
194
14
84
104
130
173
195
15
85
105
131
174
196
16
86
106
132
175
197
17
87
107
111
176
198
11
37
86
105
134
177
199
12
38
87
106
135
178
200
13
39
88
107
136
179
201
14
40
67
108
137
180
202
15
41
68
109
138
181
203
16
42
69
110
139
182
204
17
43
70
89
140
183
205
18
44
71
90
141
184
206
19
23
72
91
142
185
207
20
24
73
92
143
186
208
21
25
74
93
144
187
209
22
26
75
94
145
188
210
1
27
76
95
146
189
211
2
28
77
96
147
190
212
3
29
78
97
148
191
213
4
30
79
98
149
192
214
5
31
80
99
150
193
215
6
32
81
100
151
194
216
7
33
82
101
152
195
217
8
34
83
102
153
196
218
9
35
84
103
154
197
219
10
36
85
104
133
198
220
32
65
109
128
133
199
33
66
110
129
134
200
34
45
89
130
135
201
35
46
90
131
136
202
36
47
91
132
137
203
37
48
92
111
138
204
38
49
93
112
139
205
39
50
94
113
140
206
40
51
95
114
141
207
41
52
96
115
142
208
42
53
97
116
143
209
43
54
98
117
144
210
44
55
99
118
145
211
23
56
100
119
146
212
24
57
101
120
147
213
25
58
102
121
148
214
26
59
103
122
149
215
27
60
104
123
150
216
28
61
105
124
151
217
29
62
106
125
152
218
30
63
107
126
153
219
31
64
108
127
154
220
21
24
172
221
22
25
173
222
1
26
174
223
2
27
175
224
3
28
176
225
4
29
155
226
5
30
156
227
6
31
157
228
7
32
158
229
8
33
159
230
9
34
160
231
10
35
161
232
11
36
162
233
12
37
163
234
13
38
164
235
14
39
165
236
15
40
166
237
16
41
167
238
17
42
168
239
18
43
169
240
19
44
170
241
20
23
171
242
14
41
124
171
243
15
42
125
172
244
16
43
126
173
245
17
44
127
174
246
18
23
128
175
247
19
24
129
176
248
20
25
130
155
249
21
26
131
156
250
22
27
132
157
251
1
28
111
158
252
2
29
112
159
253
3
30
113
160
254
4
31
114
161
255
5
32
115
162
256
6
33
116
163
257
7
34
117
164
258
8
35
118
165
259
9
36
119
166
260
10
37
120
167
261
11
38
121
168
262
12
39
122
169
263
13
40
123
170
264
4
111
162
265
5
112
163
266
6
113
164
267
7
114
165
268
8
115
166
269
9
116
167
270
10
117
168
271
11
118
169
272
12
119
170
273
13
120
171
274
14
121
172
275
15
122
173
276
16
123
174
277
17
124
175
278
18
125
176
279
19
126
155
280
20
127
156
281
21
128
157
282
22
129
158
283
1
130
159
284
2
131
160
285
3
132
161
286
27
126
158
210
287
28
127
159
211
288
29
128
160
212
289
30
129
161
213
290
31
130
162
214
291
32
131
163
215
292
33
132
164
216
293
34
111
165
217
294
35
112
166
218
295
36
113
167
219
296
37
114
168
220
297
38
115
169
199
298
39
116
170
200
299
40
117
171
201
300
41
118
172
202
301
42
119
173
203
302
43
120
174
204
303
44
121
175
205
304
23
122
176
206
305
24
123
155
207
306
25
124
156
208
307
26
125
157
209
308
